Input data:
X0 = 0
Xn = 1
h = 0.1
a1 = 1
a2 = 1
b1 = 0
b2 = 0
g1 = -0.5
g2 = -1

Output data:
Method reduction
+-----+----------------------+---------------------+--------------------+---------------------+---------------------+--------------------+
|  x  |          y0          |          s0         |         y1         |          s1         |          y2         |         s2         |
+-----+----------------------+---------------------+--------------------+---------------------+---------------------+--------------------+
|  0  |          0           |          0          |         1          |          0          |          0          |         1          |
| 0.1 | 0.005183448252246329 |  0.1056929389136879 | 1.0101959563335525 | 0.20620027335144236 | 0.10560444321170281 | 1.1184033107828126 |
| 0.2 | 0.02161724172920975  | 0.22580197597207044 | 1.0418223865766165 |  0.4299483439173941 | 0.22504496537114338 | 1.2778763704068226 |
| 0.3 | 0.050997162522370285 |  0.3655894141431928 | 1.0970575611844213 |  0.6799685072093511 |  0.362812039473056  | 1.4864986818323187 |
| 0.4 | 0.09560583175067246  |  0.5316077892707648 | 1.179039754947744  |  0.9668618391692807 |  0.524339439932677  | 1.755199301841028  |
| 0.5 | 0.15846827920893558  |  0.7322669902387806 | 1.2920973342789976 |  1.304010319701837  |  0.7163383230689685 | 2.098812450296702  |
| 0.6 |  0.2435770160847344  |  0.9786798529027185 | 1.4420890732897496 |  1.7089128014827388 |  0.9472625609689573 | 2.5376911252224605 |
| 0.7 | 0.35622265236348694  |  1.285966887883912  | 1.6369107200545225 |  2.205235738300841  |  1.2279771316209245 | 3.100231796082237  |
| 0.8 |  0.5034904290365063  |  1.6753411704091665 | 1.8872619004418096 |  2.826080693836592  |  1.5727489980647333 | 3.826939386042875  |
| 0.9 |  0.6950272333615202  |  2.177567850863765  | 2.2078365342694344 |  3.6193975936158327 |  2.000766607785535  |  4.77719922006703  |
| 1.0 |  0.9442676089455654  |  2.8389521408607234 | 2.619231090573005  |  4.6573462532758905 |  2.538558950162298  | 6.041021806212832  |
+-----+----------------------+---------------------+--------------------+---------------------+---------------------+--------------------+
c1 = -0.5, c2 = -0.25000485555731833
+-----+---------------------+---------------------+------------------------+
|  x  |         y(x)        |       y(exact)      |       inaccuracy       |
+-----+---------------------+---------------------+------------------------+
|  0  |         -0.5        |         -0.5        |          0.0           |
| 0.1 | -0.5263161534858828 | -0.5263157894736842 | 3.6401219860593415e-07 |
| 0.2 | -0.5555562856206129 | -0.5555555555555556 | 7.300650572972245e-07  |
| 0.3 | -0.5882363895927578 | -0.5882352941176471 | 1.0954751107350447e-06 |
| 0.4 | -0.6250014516665736 |        -0.625       | 1.4516665736152845e-06 |
| 0.5 | -0.6666684469195924 | -0.6666666666666666 | 1.780252925742687e-06  |
| 0.6 |  -0.71428776029004  | -0.7142857142857143 | 2.0460043257397587e-06 |
| 0.7 | -0.7692329530823536 | -0.7692307692307692 | 2.1838515844585515e-06 |
| 0.8 | -0.8333354072734893 | -0.8333333333333334 | 2.0739401559444204e-06 |
| 0.9 | -0.9090924005565254 | -0.9090909090909091 | 1.4914656163433904e-06 |
| 1.0 |         -1.0        |         -1.0        |          0.0           |
+-----+---------------------+---------------------+------------------------+

Method grid
+-----+---------------------+---------------------+------------------------+
|  x  |         y(x)        |       y(exact)      |       inaccuracy       |
+-----+---------------------+---------------------+------------------------+
|  0  |         -0.5        |         -0.5        |          0.0           |
| 0.1 | -0.5263157894736844 | -0.5263157894736842 | 2.220446049250313e-16  |
| 0.2 | -0.5555555555555559 | -0.5555555555555556 | 3.3306690738754696e-16 |
| 0.3 | -0.5882352941176475 | -0.5882352941176471 | 4.440892098500626e-16  |
| 0.4 | -0.6250000000000004 |        -0.625       | 4.440892098500626e-16  |
| 0.5 | -0.6666666666666672 | -0.6666666666666666 | 5.551115123125783e-16  |
| 0.6 |  -0.714285714285715 | -0.7142857142857143 | 6.661338147750939e-16  |
| 0.7 | -0.7692307692307698 | -0.7692307692307692 | 6.661338147750939e-16  |
| 0.8 | -0.8333333333333337 | -0.8333333333333334 | 3.3306690738754696e-16 |
| 0.9 | -0.9090909090909092 | -0.9090909090909091 | 1.1102230246251565e-16 |
| 1.0 |         -1.0        |         -1.0        |          0.0           |
+-----+---------------------+---------------------+------------------------+
